857 points: logxm entropy
-99.0 38.7582297278
-11.6020599913 38.718256683
-11.3010299957 38.6871325247
-11.1678467416 38.6633979242
-11.0660641128 38.641962632
-10.9836645653 38.6223992549
-10.9144335032 38.6051467598
-10.8547362021 38.5900088454
-10.8022619073 38.570646494
-10.7131963065 38.5529207599
-10.6746916336 38.5410836259
-10.6393245073 38.5227377396
-10.5762103182 38.5032806224
-10.5477896557 38.4907245704
-10.5211151821 38.4728154218
-10.4722291696 38.4520816852
-10.4330092656 38.4344837473
-10.3970396966 38.418478455
-10.3638227105 38.4034137373
-10.3329668052 38.3818938078
-10.2771428315 38.3591512702
-10.2517097428 38.3435338776
-10.2276840246 38.3198730326
-10.1832862785 38.29567896
-10.1626810328 38.2803703375
-10.1430092868 38.2587642897
-10.1061526649 38.2313090074
-10.0721806874 38.2074259129
-10.0473626682 38.1866166936
-10.0238865512 38.1556196983
-9.98042939264 38.114205316
-9.94092790233 38.0840842858
-9.92244758148 38.0651663634
-9.90472165259 38.0387750531
-9.87130294261 38.0061854248
-9.84027305849 37.9755702953
-9.81131315097 37.9454683569
-9.78416423417 37.915019652
-9.75909990117 37.8850470024
-9.73540351114 37.8434481018
-9.69156898975 37.8053649168
-9.67120643398 37.7829369672
-9.65175600087 37.7617017094
-9.63313946643 37.7412432269
-9.61528825706 37.7111651925
-9.58164691138 37.6701074865
-9.55042518734 37.6298750082
-9.52129825933 37.601078028
-9.5074360305 37.5833498429
-9.49400261754 37.5582328044
-9.46707650515 37.52779062
-9.44172278887 37.5001088713
-9.41776791179 37.4736536683
-9.39506555543 37.4480385239
-9.37349122217 37.4233777321
-9.35293810096 37.3894878579
-9.31453818051 37.3574634116
-9.29654068774 37.3378470742
-9.27925944135 37.3189083453
-9.26263960766 37.3005928453
-9.2466324184 37.2740117894
-9.21628619816 37.2388010884
-9.18792262914 37.212840757
-9.17377330182 37.1963420628
-9.16007045201 37.1743906343
-9.13389734919 37.1495026185
-9.10921233324 37.1290482776
-9.08585525657 37.1109763725
-9.0636905094 37.093364292
-9.04260224952 37.0755484212
-9.02249073764 37.0581563666
-9.00326948456 37.0383527985
-8.97594427287 37.0178713986
-8.95023702775 37.0041940161
-8.93390712776 36.9932822084
-8.90298142694 36.9862798819
-8.88830701879 36.9839872167
-8.87411228178 36.9828673896
-8.84200287229 36.9827792157
-8.82184397236 36.9864827014
-8.79325842844 36.9982481373
-8.76643876984 37.0154443973
-8.74943706087 37.0403044195
-8.72512085098 37.0776522818
-8.70209422419 37.1219494478
-8.68022725865 37.162764111
-8.66623795091 37.2169488274
-8.63954267975 37.2918163347
-8.6143937264 37.3450762275
-8.60404599392 37.39349953
-8.58406204523 37.4703659477
-8.55571117728 37.5390301399
-8.53778923835 37.6147787311
-8.50402227804 37.6845161721
-8.48031553737 37.7243303761
-8.46520075738 37.7504585225
-8.45059437392 37.7811353793
-8.42277756349 37.8034000246
-8.40302512259 37.8156958007
-8.38722441879 37.8244873878
-8.37197845961 37.8325954932
-8.35197178374 37.8377101753
-8.33284631138 37.8381792813
-8.31409039649 37.8345709234
-8.30202186173 37.8273822961
-8.27884657707 37.8097817905
-8.25151519343 37.7806849958
-8.21592903889 37.7532847573
-8.20152739827 37.7332986406
-8.17853764996 37.7058518608
-8.15246589854 37.6750385174
-8.12787105369 37.6373042771
-8.09710515007 37.602180714
-8.08250269591 37.5736378413
-8.06123603723 37.530976002
-8.02969126861 37.4886933064
-8.00972186132 37.4610046715
-7.99532520034 37.4355052771
-7.97835370434 37.4025674945
-7.95623030149 37.3535001344
-7.92435610869 37.3064005272
-7.90861060921 37.270679382
-7.88846708189 37.2318854398
-7.86804129919 37.192342675
-7.844438024 37.1566864468
-7.82665094721 37.10870252
-7.78853842211 37.0568399224
-7.77066718742 37.0232025344
-7.75350238092 36.9903629414
-7.73699027131 36.9475353104
-7.70952366304 36.9069042303
-7.69457473153 36.8828108381
-7.68369131335 36.8583201498
-7.66786108878 36.8243098441
-7.64596813362 36.7814289269
-7.62089782205 36.7326509522
-7.59385384374 36.6803956523
-7.5648776036 36.6408707711
-7.55108363515 36.6158685256
-7.53771433417 36.5836257371
-7.5163079751 36.5373400748
-7.48800807897 36.4999360013
-7.47642219637 36.4688299714
-7.45413838317 36.4295504333
-7.43294237224 36.3856804453
-7.40297019987 36.3500002344
-7.39028556282 36.3292585165
-7.37796092204 36.3033523397
-7.35913518418 36.2649167864
-7.33279958337 36.2305729412
-7.32020741057 36.2085180982
-7.30797007788 36.1820596558
-7.29023728417 36.1470358755
-7.26766656304 36.1102638169
-7.24621114042 36.0767889406
-7.22576596526 36.0452786636
-7.20624016362 36.0221771691
-7.19679689456 35.9998200301
-7.17850489511 35.9699892152
-7.16095229643 35.9411085624
-7.14408163746 35.9101876798
-7.12387511386 35.8842723413
-7.11218760632 35.8633089924
-7.09707799531 35.8408368262
-7.08247643898 35.8222389238
-7.07183867502 35.8016617797
-7.05418764217 35.7782301953
-7.04000739387 35.7526231883
-7.01956908161 35.7294962922
-7.00969965559 35.7086999848
-6.99216840683 35.6892942118
-6.98442774748 35.6723653364
-6.96934842281 35.6449728951
-6.94626028957 35.6162258272
-6.92701841026 35.5987035385
-6.91902590553 35.5838367324
-6.90346907433 35.5614125074
-6.88355726447 35.5359522077
-6.86451850213 35.5132872127
-6.85076789336 35.4939114743
-6.83743932711 35.4716792319
-6.82028128743 35.446891658
-6.80377543985 35.4177723472
-6.78013643495 35.3925920899
-6.76878256279 35.3769341597
-6.75771797116 35.357363058
-6.73988126278 35.3325037371
-6.72051414477 35.3112649834
-6.7073452698 35.2973092693
-6.69878275521 35.2816934929
-6.68214812187 35.261645433
-6.66612720452 35.2426086475
-6.65067632512 35.2203574717
-6.62848421385 35.1987497418
-6.61429544042 35.1786397786
-6.59384532052 35.1591280811
-6.58072801894 35.1442940281
-6.56799532038 35.12681967
-6.54956997334 35.1113714025
-6.54064238538 35.0960805447
-6.52190674275 35.074975545
-6.50259473842 35.0539584543
-6.48281400249 35.0334634638
-6.46266267245 35.0187241758
-6.45292713011 35.0074880708
-6.43872117649 34.9907324393
-6.41603083858 34.9704911925
-6.39446735914 34.9547783196
-6.38202516396 34.94164661
-6.36597136298 34.9307766884
-6.35816165136 34.9207593652
-6.34295132167 34.9067582481
-6.32465823369 34.8919308462
-6.30367747358 34.879055589
-6.2869359805 34.8678559848
-6.26766254126 34.8561530415
-6.24548295395 34.8450937145
-6.22654116781 34.8345943415
-6.2039696971 34.8251110776
-6.19096926405 34.8193493046
-6.18251359716 34.8129327747
-6.16608068537 34.8030405208
-6.14637711377 34.7921141767
-6.12752881385 34.7841600982
-6.1202127257 34.7787699423
-6.10946461476 34.7724852463
-6.09897609133 34.7635161834
-6.07872967763 34.7531491061
-6.06573812672 34.7452950587
-6.05312394565 34.7373599658
-6.04086582867 34.7275719833
-6.02310393909 34.7159161245
-6.0088378584 34.7051743453
-5.99502553631 34.6951141839
-5.98428349702 34.6830971079
-5.9661014779 34.6716297696
-5.95853632061 34.6631743138
-5.94621340156 34.6526553993
-5.93423051397 34.6396537078
-5.91572011714 34.6274081658
-5.90675260576 34.6159922525
-5.88935466367 34.6003396699
-5.87262692502 34.5838696115
-5.85651966425 34.5627430119
-5.83342634366 34.5373389588
-5.81507773913 34.518273484
-5.80442951223 34.4976639957
-5.7838856712 34.4704174955
-5.76426989876 34.4485553009
-5.75166825703 34.4319522621
-5.73942198176 34.4159644201
-5.72751157876 34.3931199514
-5.70462805712 34.3692581528
-5.69362312776 34.3497039958
-5.67762156765 34.3251194061
-5.66218869313 34.300895885
-5.64870460246 34.2775557227
-5.63562659296 34.2541906082
-5.62293091924 34.2312413248
-5.61059585965 34.2064397676
-5.595653955 34.1798714767
-5.58120907397 34.1517604423
-5.5644864414 34.1269351063
-5.55368536175 34.0985180293
-5.53285714497 34.0603053827
-5.51298227622 34.0182665894
-5.48935320541 33.980962138
-5.47576921932 33.949606859
-5.45829391592 33.9064920825
-5.43333261565 33.868131263
-5.42137013182 33.8282249469
-5.39467603539 33.7841527446
-5.38012800596 33.75312392
-5.36605155327 33.7225738356
-5.35235575592 33.6789444047
-5.32608009934 33.6364941409
-5.31351533176 33.6101681965
-5.30130388301 33.5729350566
-5.27786517289 33.5199396972
-5.25024084641 33.4794219236
-5.23966502531 33.4408904922
-5.21430014827 33.3963753892
-5.19976315707 33.3691712779
-5.19033530856 33.3375379879
-5.17194922797 33.2866045621
-5.14557833657 33.2426356398
-5.13297003225 33.2149707461
-5.12071746498 33.1838396571
-5.1049005603 33.1491494205
-5.08963951851 33.1152297023
-5.0748965924 33.0664254616
-5.04683222047 33.0188424836
-5.0334520561 32.9888390227
-5.02047182978 32.9397812563
-4.98962341706 32.892137415
-4.97787251505 32.8599535218
-4.96082163005 32.8099140263
-4.93342639946 32.7546243484
-4.9126167301 32.7192204612
-4.90257425 32.6859199028
-4.88316019642 32.6437639778
-4.86457699118 32.6141713245
-4.85557531175 32.5820574391
-4.8338550481 32.5381425351
-4.81316952961 32.5041040585
-4.80116103222 32.4787495696
-4.78937021431 32.4494689745
-4.77413113331 32.4082438656
-4.75223051131 32.3677347919
-4.73815719246 32.3291107718
-4.71777635326 32.2778479369
-4.69200940072 32.2356188334
-4.67950891088 32.2084848249
-4.66735818425 32.1755890076
-4.64974666611 32.1308966401
-4.62732336041 32.0703124978
-4.59564969946 32.018727169
-4.58046871786 31.9869097942
-4.5658005209 31.9470035396
-4.54223437878 31.8991376355
-4.51977997448 31.8615817408
-4.50670141335 31.8205496801
-4.48166966948 31.7703962326
-4.46185846657 31.7260095045
-4.44263010845 31.6748949187
-4.41697219485 31.6340353981
-4.40642361992 31.599194819
-4.3858736289 31.5464117006
-4.35959495666 31.5017370497
-4.34693719696 31.4658568338
-4.32861649769 31.4240831934
-4.31086242657 31.3777039847
-4.28798709013 31.3277331483
-4.26609684694 31.2862323894
-4.25027559482 31.2462020141
-4.22978839894 31.212116007
-4.21989618052 31.1788477038
-4.20051062976 31.1294755865
-4.17733586551 31.0919140413
-4.16824637794 31.061054679
-4.1506189458 31.0218005596
-4.13357066839 30.9840956105
-4.1169559236 30.9516238024
-4.1048217928 30.906936673
-4.07749867757 30.8578332742
-4.06251532283 30.8229804088
-4.04778121569 30.7806071516
-4.02648598979 30.7397945418
-4.01264097002 30.7087794747
-3.99913690209 30.6757551186
-3.98267109116 30.6331971671
-3.9602995799 30.5819911891
-3.93644460172 30.5334914044
-3.91793852707 30.4916106231
-3.90056852799 30.461383387
-3.89203867534 30.4292780162
-3.87258856499 30.3834253222
-3.85104838404 30.3485366622
-3.84057568021 30.3275966684
-3.83145693843 30.3001253698
-3.81492554555 30.2610608988
-3.79508699566 30.2069118327
-3.76632327671 30.1466130651
-3.74321762013 30.0984664683
-3.72520975763 30.0622421385
-3.71194890861 30.0322400607
-3.69893045987 29.9891377107
-3.67357766559 29.9423062775
-3.65708633339 29.9056495689
-3.64092064392 29.8694294131
-3.62492405596 29.8337581384
-3.60949580647 29.7989749026
-3.59407116511 29.7649631533
-3.57917561596 29.7160019941
-3.54985087933 29.6519249742
-3.5214273946 29.6041449408
-3.50740608283 29.5730981899
-3.49382333069 29.5278527532
-3.46696715808 29.4702796065
-3.44079599457 29.4292747888
-3.42783738944 29.4030167869
-3.41525427014 29.3648008636
-3.39029263864 29.3135764354
-3.36586708443 29.274234379
-3.35373785057 29.2480380044
-3.34193818559 29.2217884345
-3.33004584878 29.1960427199
-3.31847050037 29.1584364483
-3.29543205248 29.1098067024
-3.27279389681 29.0740097455
-3.26151916785 29.0504581556
-3.25052975101 29.0151423252
-3.22861568121 28.9679947066
-3.2070298327 28.9214201645
-3.18575219844 28.8764350942
-3.16476441919 28.8336578787
-3.14404961024 28.7929416122
-3.12359221096 28.7533865304
-3.10337785272 28.7135434943
-3.08339324311 28.673017351
-3.06362606372 28.632534753
-3.04406487953 28.592409256
-3.02469905808 28.5532590055
-3.00551869759 28.5152297157
-2.98651456261 28.4777874521
-2.96767802686 28.4408486642
-2.9490010223 28.4040390544
-2.93047599345 28.3673920616
-2.9120958564 28.3313394778
-2.89385396201 28.2960882908
-2.87574406307 28.2615075983
-2.85776028458 28.22736623
-2.83989709708 28.1930241225
-2.82214929232 28.1584619688
-2.80451196064 28.1235532821
-2.78698046892 28.088835204
-2.76955043975 28.0544141541
-2.75221773291 28.020656578
-2.73497842912 27.9876135633
-2.71782881618 27.955022741
-2.70076537662 27.9226562731
-2.68378477599 27.8904336726
-2.66688385185 27.858035716
-2.65005960316 27.8258611504
-2.63330918101 27.7942870064
-2.61662988004 27.7633775166
-2.60001913012 27.732892508
-2.58347448765 27.7021635737
-2.56699362688 27.6707957622
-2.55057433187 27.6387979113
-2.5342144899 27.6063565814
-2.51791208675 27.5740585163
-2.50166520298 27.5426124934
-2.4854720099 27.5121862271
-2.4693307651 27.4827502061
-2.45323980797 27.4539413163
-2.43719755511 27.425058007
-2.42120249625 27.3954931317
-2.40525319026 27.3650140842
-2.38934826108 27.3336761225
-2.37348639415 27.3021266926
-2.35766633273 27.2707957298
-2.34188687554 27.2400917184
-2.3261468749 27.2097985384
-2.31044523514 27.1799343363
-2.29478091139 27.1502582664
-2.27915290791 27.1205758016
-2.26356027526 27.090641594
-2.24800210751 27.0604307423
-2.23247753956 27.0302149139
-2.21698574503 27.0001036353
-2.20152593484 26.9704181425
-2.18609735628 26.9409644069
-2.17069929239 26.9115749182
-2.15533106133 26.8819162583
-2.13999201531 26.8516948973
-2.12468153973 26.8212005659
-2.10939905232 26.7908175147
-2.09414400256 26.7609091183
-2.07891587089 26.7319136233
-2.06371416763 26.7037708334
-2.04853843195 26.6759756722
-2.03338823102 26.6481840284
-2.01826315931 26.6200405332
-2.00316283872 26.591533683
-1.98808691943 26.5627533719
-1.97303507956 26.5342952167
-1.95800702413 26.50644895
-1.94300248406 26.4793200321
-1.92802121389 26.4527423415
-1.91306298731 26.4264559494
-1.89812759453 26.4000005559
-1.88321484096 26.3729931618
-1.86832454555 26.3452847665
-1.85345653795 26.3171662639
-1.83861065273 26.2892470036
-1.82378672656 26.261783127
-1.80898459704 26.2347982876
-1.79420410182 26.2080348783
-1.77944507822 26.1812113823
-1.76470736271 26.1540100224
-1.74999079086 26.1263697437
-1.73529519799 26.0982857757
-1.72062041963 26.0701387616
-1.70596629236 26.0422704614
-1.69133265533 26.0151018113
-1.67671935044 25.9887360181
-1.66212622265 25.9628302439
-1.6475531202 25.9372038319
-1.63299989601 25.9112691148
-1.61846640998 25.8850023824
-1.60395252999 25.8582012492
-1.58945813205 25.8311260914
-1.57498310045 25.8040915874
-1.560527328 25.7771283974
-1.54609071546 25.7500337599
-1.53167317175 25.722685493
-1.51727461395 25.6949986993
-1.5028949677 25.6667909509
-1.48853416735 25.6384307877
-1.47419215783 25.6098760424
-1.45986889631 25.581267713
-1.44556435293 25.552892386
-1.43127851097 25.524542448
-1.41701136711 25.4959686559
-1.40276293295 25.467105042
-1.38853323661 25.4376736803
-1.37432232371 25.4078583462
-1.36013025843 25.3779145926
-1.34595712426 25.3482599538
-1.33180302373 25.318875389
-1.31766807934 25.2895791532
-1.30355243474 25.2598651301
-1.28945625466 25.2292055371
-1.27537972462 25.1974957674
-1.26132305094 25.1647158768
-1.24728646115 25.1313734523
-1.23327020293 25.0978418363
-1.21927454184 25.0647135107
-1.2052997609 25.0322078164
-1.19134615932 24.9997919608
-1.17741405 24.9669478237
-1.16350375736 24.9332908049
-1.1496156156 24.898408769
-1.13574996641 24.8628582629
-1.12190715708 24.8271099067
-1.10808753933 24.7917321315
-1.09429146853 24.7567943284
-1.08051930338 24.7221886822
-1.06677140441 24.6874666008
-1.05304813359 24.6522290344
-1.03934985451 24.616167274
-1.025676932 24.5792675051
-1.01202973185 24.542177292
-0.998408622256 24.5055169688
-0.984813973469 24.4697281582
-0.971246157364 24.4344751365
-0.957705547274 24.3989006012
-0.944192517489 24.3623323177
-0.93070744236 24.3246647216
-0.91725069711 24.2863199825
-0.903822657567 24.2478044408
-0.890423697491 24.2096905264
-0.877054184498 24.1719880626
-0.863714476363 24.13438459
-0.850404918123 24.0965638481
-0.837125835629 24.0577871095
-0.823877526749 24.0180878142
-0.810660258153 23.9778823415
-0.797474261698 23.9378240684
-0.784319728328 23.898470863
-0.771196805643 23.8598706634
-0.758105598896 23.8217530875
-0.745046172559 23.7834355605
-0.732018552761 23.7445908943
-0.719022729906 23.7054083833
-0.706058661215 23.6663582326
-0.693126273587 23.6276146308
-0.680225465833 23.5893225084
-0.667356112053 23.5510025944
-0.654518064639 23.5119545037
-0.64171115845 23.4719917955
-0.628935215967 23.4315550998
-0.61619005051 23.3913218988
-0.603475467871 23.3519427748
-0.590791267638 23.3136081865
-0.578137245151 23.2757915552
-0.565513193975 23.2377315273
-0.552918906993 23.1988044819
-0.540354178187 23.1585346165
-0.527818804324 23.1172488213
-0.515312586964 23.0763061885
-0.502835334681 23.036583911
-0.490386863676 22.9985255544
-0.477966997594 22.9616413301
-0.465575567801 22.9248708772
-0.453212414123 22.8872916247
-0.440877386773 22.8485209646
-0.42857034769 22.8085542828
-0.416291171711 22.7680766153
-0.404039747825 22.7279308212
-0.391815981002 22.6883912665
-0.37961979307 22.6490770257
-0.367451123719 22.6094103673
-0.355309931239 22.569194281
-0.343196192481 22.5290120364
-0.331109905204 22.4896840628
-0.319051089064 22.4515487063
-0.307019786636 22.414226037
-0.295016064401 22.3773173966
-0.283040013917 22.3399420817
-0.271091752253 22.3017410526
-0.259171424205 22.2625064366
-0.247279202728 22.2228214221
-0.235415287559 22.183582469
-0.223579904588 22.1456480585
-0.211773305316 22.1085320372
-0.199995766615 22.0718410691
-0.188247587851 22.0348797378
-0.176529090525 21.9972457416
-0.164840617911 21.9591783008
-0.153182533334 21.9210718286
-0.141555217101 21.8834641078
-0.129959065138 21.8464465197
-0.11839448736 21.8188385534
-0.112589916911 21.8006153294
-0.106861905423 21.7733606904
-0.0953617532513 21.7360717402
-0.0838944751488 21.6981217918
-0.0724605244985 21.6692064223
-0.0667230377541 21.6501571794
-0.0610603619845 21.6219752187
-0.0496944537853 21.5846906528
-0.0383632716535 21.5478959284
-0.0270672933049 21.5201582993
-0.0214006546709 21.501843282
-0.0158070025711 21.4744865321
-0.0045828885704 21.4378357273
0.00660455442102 21.4014401788
0.0177548270783 21.3744737159
0.0233466681077 21.3569320743
0.0288674246193 21.3314443985
0.0399418366809 21.298124657
0.0509775480817 21.2653319505
0.0619740401418 21.2403756757
0.0674869678949 21.2235176962
0.0729307909225 21.2064551893
0.078423331118 21.1889663347
0.0838472735868 21.1626379315
0.0947229556889 21.12705319
0.105557298608 21.1006675255
0.110987052523 21.0834530886
0.116349758501 21.0667140437
0.121758033028 21.0501581615
0.127099785794 21.0260390969
0.137806825878 20.9942258136
0.148470317501 20.9703014581
0.15381246223 20.9544058841
0.159089692301 20.9382717941
0.1644092177 20.9219196568
0.169664373686 20.8972191016
0.18019377505 20.8633911258
0.190677298335 20.8378143594
0.195927168517 20.821136409
0.201114334071 20.7969254674
0.21150426074 20.76540746
0.221846443428 20.7424307196
0.226999428354 20.7275104626
0.232140232348 20.7126783638
0.23726877161 20.6979638
0.24238496134 20.6832233777
0.247488715287 20.6683437904
0.252579946057 20.6534434736
0.257658565271 20.6384977069
0.262724483239 20.6234819203
0.267777609079 20.6085288163
0.272817850735 20.5935349525
0.277845114887 20.5786277493
0.282859306862 20.563914697
0.287860330484 20.5492824124
0.292848087894 20.5347400373
0.297822479514 20.520335962
0.30278340418 20.5061035842
0.307730758793 20.4918903855
0.312664438504 20.4777248724
0.3175843368 20.4636987447
0.322490345115 20.4498448452
0.327382353148 20.4360446486
0.332260248687 20.4224871546
0.337123917662 20.409135988
0.341973244127 20.3961695364
0.346808109728 20.3835417581
0.351628394221 20.3713429533
0.356433975099 20.3594487354
0.361224727382 20.3479736531
0.366000523759 20.3367886477
0.37076123443 20.3258283932
0.375506726862 20.3123931986
0.382600586677 20.2989277213
0.38730737435 20.2854259649
0.394333761057 20.2687514432
0.401332913822 20.2516032961
0.408287304806 20.2340864998
0.415213042246 20.2193572259
0.419806699536 20.2049820941
0.426661775682 20.1908907111
0.431213171544 20.1800647734
0.435747328773 20.1695710619
0.440264064333 20.1595062071
0.444763190314 20.1498671834
0.449244513806 20.1404976761
0.453707836728 20.1337716092
0.455936083184 20.1273421989
0.460371948134 20.1189635496
0.464789291678 20.1127869525
0.466987737276 20.1068967458
0.471376964308 20.0991048169
0.475747114482 20.0914821395
0.480097953857 20.0838573908
0.484429241563 20.0781894962
0.486590336042 20.0725678149
0.490891747386 20.0651159651
0.495172972087 20.0595410279
0.497303279463 20.0540629508
0.50155380665 20.0469099635
0.505783465767 20.0416133581
0.507892815111 20.0365106549
0.512090539808 20.0314884329
0.514183618243 20.0267732356
0.51834872396 20.0205610231
0.522491749377 20.016023266
0.524552814391 20.0116615014
0.528662198879 20.0059993185
0.532748665718 20.0004519885
0.536811859019 19.9950914491
0.540851410474 19.9898578043
0.544866938698 19.9846679104
0.548858048521 19.9795029525
0.552824330143 19.9743599681
0.556765358435 19.9690662989
0.56068069192 19.9644124717
0.563599784288 19.9603711301
0.566503570771 19.9555814902
0.570352744209 19.9499670081
0.574174539694 19.8275186128
0.576549602965 19.5843415411
0.578440900548 19.3944267599
0.579855232263 19.2895305862
0.580795567682 19.2229788576
0.581264972986 19.1757044063
0.581733871483 19.1017349311
0.582670993905 19.0262067551
0.583138797908 18.9746979586
0.583606098554 18.8877788707
0.5845391941 18.7988245037
0.585470289158 18.7337418416
0.586399959204 18.6457455885
0.586864049005 18.59882552
0.587327643406 18.5561717547
0.588253350232 18.4596598474
0.589177088093 18.3223895173
0.590099149589 18.226347621
0.591019257581 18.1542466047
0.592395771268 18.0785253743
0.593082395468 18.0253390472
0.593425300912 17.9495234411
0.593767935821 17.7000340466
0.594452392228 17.6383447256
0.595135771615 17.5454010654
0.596499312853 17.4201005956
0.598310120031 17.2930045841
0.600113408321 17.1653846608
0.601011634479 17.0648802141
0.601460051861 17.0119489448
0.601908006722 16.9642526346
0.602802532686 16.8585297934
0.603695219962 16.6576221876
0.605473235533 16.5305070374
0.607244001522 16.4030400495
0.609005042177 16.4034863822
0.610758970737 16.4038118195
0.611631672745 16.4040563307
0.6125026246 16.4044589104
0.614239305834 16.4050183703
0.615965139792 16.4056158401
0.61768414263 16.4062025216
0.619391700794 16.4067415638
0.62109257147 16.407275229
0.622781373429 16.4077284749
0.624042113994 16.4080489827
0.625299205268 16.4083299486
0.626549556009 16.408587879
0.627796317273 16.4088492752
0.629446056113 16.4090529587
0.631089551857 16.4092684986
0.632718923223 16.4093912718
0.634342204409 16.4095064046
0.635950606257 16.4095494379
0.638347194558 16.4094471751
0.639535660289 16.4093889774
0.640720882606 16.4093126265
0.641503838714 16.4091859209
0.642285385831 16.4089817758
0.643838339992 16.4086653523
0.645385760866 16.4082634402
0.646921796402 16.4078304635
0.648439492511 16.4074066045
0.649951903308 16.4069070971
0.651444977061 16.4064002849
0.652932935314 16.4060284467
0.653667334749 16.4057943033
0.654400494399 16.4054269863
0.655863111034 16.405009903
0.657304194501 16.4046693972
0.658740511951 16.4043292418
0.659447872185 16.4041651901
0.660154082174 16.403942048
0.661563066338 16.4036606292
0.662947999069 16.4034620693
0.664328529388 16.4032802148
0.665006594188 16.4031933105
0.665683601974 16.4031427886
0.667034459651 16.4030982774
0.668358336485 16.4031233218
0.669678189956 16.403201062
0.670324277814 16.4032594376
0.670969405932 16.4034772611
0.672256794327 16.403714053
0.673513733374 16.4041172278
0.674767045073 16.4043830056
0.675377908958 16.4045448624
0.675987914829 16.4049216277
0.677205362147 16.4053481186
0.678388161643 16.4058885545
0.679567748536 16.4062339885
0.680139362871 16.4064698809
0.680710225842 16.4068412411
0.681849705572 16.4073173179
0.682949303861 16.4078475945
0.684046125086 16.4083258004
0.685099910321 16.4087910834
0.686151144807 16.4091179377
0.686653716177 16.4093699049
0.687155706636 16.409730111
0.688157950185 16.4101441603
0.689109261456 16.4105863654
0.690058493457 16.4109864365
0.690951703226 16.4113281386
0.691843079707 16.4115771958
0.692257834053 16.411744691
0.692672192684 16.4119329434
0.693499725814 16.4121778274
0.694217200935 16.4122841043
0.694933492707 16.4123817332
0.695648605028 16.4124258675
0.696362541776 16.4123738293
0.696651714019 16.4123413268
0.696940693846 16.412266158
0.697518077278 16.4121309109
0.697868850278 16.4119731882
0.698219340193 16.4117754051
0.698597012427 16.4115485395
0.698764302318 16.4113654224
0.698864994686 16.411281258
0.698915332117 16.4111875916
0.698940498644 16.4111895233
0.698953081361 16.4111564684
0.698959372583 16.4111227724
0.69896251816 16.4111229026
0.698965663714 16.4110989281
0.69896783403 16.4111203173
0.698968919185 16.411099876
0.698969461761 16.4111001612
0.698969733048 16.4110883355
0.698969868692 16.4110769041
0.698969936514 16.4110999487
0.698969970425 16.4110999213
